23155
13152
15322
22109
25073
2319
25753
5113
25035
16052
1615
16425
7563
28098
26738
2324
15626
18373
15154
20414
2190
29171
21690
55
12342
16131
21426
14867
8856
15170
19208
23833
13992
16099
23280
20032
11484
31382
23337
2263
19341
12893
31362
20483
6817
6811
30622
5230
615
2926
22260
25150
20930
32319
14873
27460
28554
2456
15426
374
15151
20277
30725
5536
24735
4189
6751
3670
9066
23667
9979
2861
25892
3528
20913
26667
27404
2227
4430
5499
9962
28900
20371
5989
1854
18677
23168
17022
4758
12354
31442
2076
21056
13051
21450
26381
20513
24695
28720
21641
